,國文,英文,數學,社會,自然
0,10,8,10,12,8
1,14,6,10,7,8
2,11,8,9,15,8
3,14,9,11,8,10
4,14,11,11,11,7
5,11,6,12,9,9
6,6,9,7,6,9
7,15,13,6,10,13
8,10,8,8,11,13
9,13,12,14,13,15
10,13,15,11,8,9
11,13,11,13,14,9
12,6,13,10,7,7
13,7,9,14,6,13
14,10,11,8,6,8
15,9,7,7,14,8
16,14,12,12,10,8
17,10,13,13,6,6
18,15,15,10,15,7
19,10,13,13,11,12
20,7,11,8,8,13
21,6,14,8,14,10
22,13,6,8,12,15
23,14,10,6,6,9
24,6,10,6,15,11
25,7,9,12,7,9
26,10,11,6,12,15
27,12,7,6,12,15
28,8,13,8,7,8
29,12,9,12,8,14
30,7,6,15,15,14
31,14,12,11,12,7
32,13,14,7,10,10
33,13,8,7,10,8
34,7,14,15,14,6
35,13,8,10,10,6
36,15,6,10,12,15
37,8,6,15,15,14
38,7,12,7,14,14
39,15,12,10,11,9
40,7,12,15,10,11
41,10,9,8,11,14
42,9,9,14,14,8
43,10,11,11,12,7
44,10,14,13,9,14
45,13,14,7,10,6
46,6,12,12,15,14
47,12,12,12,14,10
48,10,12,6,7,14
49,15,7,8,12,15
50,10,12,9,9,9
51,11,14,15,14,13
52,10,6,15,6,15
53,13,10,13,9,14
54,13,14,11,15,8
55,12,10,15,15,14
56,15,9,14,14,13
57,7,10,10,14,8
58,9,7,14,15,15
59,15,7,6,7,10
60,8,8,6,9,14
61,15,9,14,11,10
62,12,9,10,10,8
63,8,15,8,11,7
64,12,7,12,7,14
65,14,7,15,8,10
66,9,15,11,11,8
67,9,11,15,6,15
68,11,9,13,6,12
69,11,8,8,14,10
70,11,13,8,13,8
71,10,12,7,15,6
72,6,8,15,13,12
73,8,12,8,8,14
74,12,15,15,8,13
75,8,13,11,10,15
76,10,11,10,14,13
77,9,9,7,6,12
78,7,7,7,8,13
79,8,15,12,13,7
80,15,13,7,12,8
81,10,7,9,13,13
82,6,12,15,10,13
83,9,8,6,11,13
84,15,8,14,10,6
85,9,10,11,12,11
86,8,15,6,8,14
87,15,7,7,9,15
88,14,7,14,13,7
89,15,9,10,13,12
90,14,12,9,13,10
91,13,14,13,7,14
92,7,11,13,7,11
93,7,6,11,6,13
94,7,7,14,10,8
95,6,15,7,11,7
96,14,12,14,10,15
97,6,12,10,9,8
98,15,12,12,7,9
99,7,10,7,10,12
